// JOB 1 17 2
11000000010100000000000001011100
01001011000001100000000000000000
01001011000000010000000000000000
01001011000000000000000000000000
01001111000010100000000001011100
01001111000011010000000011011100
01001100000010100000000000000100
11000000101110100000000000000000
01000010101111010000000000000000
01001100000011010000000000000100
01001100000001100000000000000001
00010000011001011000000000000000
01010110100000010000000000011000
01001011000001100000000000000000
01001111000010010000000011011100
01000011100101110000000000000000
00000101000001110000000000000000
01001100000001100000000000000001
01001100000010010000000000000100
00010000011001011000000000000000
01010110100000010000000000111100
11000001000000000000000010101100
10010010000000000000000000000000
// Data 14 C C
00000000000000000000000000001010
00000000000000000000000000000110
00000000000000000000000000101100
00000000000000000000000001000101
00000000000000000000000000000001
00000000000000000000000000000111
00000000000000000000000000000000
00000000000000000000000000000001
00000000000000000000000000000101
00000000000000000000000000001010
00000000000000000000000001010101
00000000000000000000000000000000
00000000000000000000000000000000
00000000000000000000000000000000
00000000000000000000000000000000
00000000000000000000000000000000
00000000000000000000000000000000
00000000000000000000000000000000
00000000000000000000000000000000
00000000000000000000000000000000
00000000000000000000000000000000
00000000000000000000000000000000
00000000000000000000000000000000
00000000000000000000000000000000
00000000000000000000000000000000
00000000000000000000000000000000
00000000000000000000000000000000
00000000000000000000000000000000
00000000000000000000000000000000
00000000000000000000000000000000
00000000000000000000000000000000
00000000000000000000000000000000
00000000000000000000000000000000
00000000000000000000000000000000
00000000000000000000000000000000
00000000000000000000000000000000
00000000000000000000000000000000
00000000000000000000000000000000
00000000000000000000000000000000
00000000000000000000000000000000
00000000000000000000000000000000
00000000000000000000000000000000
00000000000000000000000000000000
00000000000000000000000000000000
// END
// JOB 2 1C 4
11000000010100000000000001110000
01001011000001100000000000000000
01001011000000010000000000000000
01001011000000000000000000000000
01001111000010100000000001110000
01001111000011010000000011110000
01001100000010100000000000000100
11000000101110100000000000000000
01000010101111010000000000000000
01001100000011010000000000000100
01001100000001100000000000000001
00010000011001011000000000000000
01010110100000010000000000011000
01001011000001100000000000000000
01001111000010010000000011110000
01000011100100000000000000000000
01001100000001100000000000000001
01001100000010010000000000000100
01000011100100100000000000000000
01001100000001100000000000000001
01001100000010010000000000000100
00010000000000101000000000000000
01010101100000010000000001100000
00000100000000100000000000000000
00010000011001011000000000000000
01010110100000010000000001001000
11000001000000000000000011000000
10010010000000000000000000000000
// Data 14 C C
00000000000000000000000000001010
00000000000000000000000000000110
00000000000000000000000000101100
00000000000000000000000001000101
00000000000000000000000000000001
00000000000000000000000000000111
00000000000000000000000000000000
00000000000000000000000000000001
00000000000000000000000000000101
00000000000000000000000000001010
00000000000000000000000001010101
00000000000000000000000000000000
00000000000000000000000000000000
00000000000000000000000000000000
00000000000000000000000000000000
00000000000000000000000000000000
00000000000000000000000000000000
00000000000000000000000000000000
00000000000000000000000000000000
00000000000000000000000000000000
00000000000000000000000000000000
00000000000000000000000000000000
00000000000000000000000000000000
00000000000000000000000000000000
00000000000000000000000000000000
00000000000000000000000000000000
00000000000000000000000000000000
00000000000000000000000000000000
00000000000000000000000000000000
00000000000000000000000000000000
00000000000000000000000000000000
00000000000000000000000000000000
00000000000000000000000000000000
00000000000000000000000000000000
00000000000000000000000000000000
00000000000000000000000000000000
00000000000000000000000000000000
00000000000000000000000000000000
00000000000000000000000000000000
00000000000000000000000000000000
00000000000000000000000000000000
00000000000000000000000000000000
00000000000000000000000000000000
00000000000000000000000000000000
// END
// JOB 3 18 6
11000000010100000000000001100000
01001011000001100000000000000000
01001011000000010000000000000000
01001011000000000000000000000000
01001111000010100000000001100000
01001111000011010000000011100000
01001100000010100000000000000100
11000000101110100000000000000000
01000010101111010000000000000000
01001100000011010000000000000100
01001100000001100000000000000001
00010000011001011000000000000000
01010110100000010000000000011000
01001011000001100000000000000000
01001111000010010000000011100000
01000011100101110000000000000000
00000101000001110000000000000000
01001100000001100000000000000001
01001100000010010000000000000100
00010000011001011000000000000000
01010110100000010000000000111100
00001000000001010000000000000000
11000001000000000000000010110000
10010010000000000000000000000000
// Data 14 C C
00000000000000000000000000001010
00000000000000000000000000000110
00000000000000000000000000101100
00000000000000000000000001000101
00000000000000000000000000000001
00000000000000000000000000001001
00000000000000000000000010110000
00000000000000000000000000000001
00000000000000000000000000000111
00000000000000000000000010101010
00000000000000000000000001010101
00000000000000000000000000000000
00000000000000000000000000000000
00000000000000000000000000000000
00000000000000000000000000000000
00000000000000000000000000000000
00000000000000000000000000000000
00000000000000000000000000000000
00000000000000000000000000000000
00000000000000000000000000000000
00000000000000000000000000000000
00000000000000000000000000000000
00000000000000000000000000000000
00000000000000000000000000000000
00000000000000000000000000000000
00000000000000000000000000000000
00000000000000000000000000000000
00000000000000000000000000000000
00000000000000000000000000000000
00000000000000000000000000000000
00000000000000000000000000000000
00000000000000000000000000000000
00000000000000000000000000000000
00000000000000000000000000000000
00000000000000000000000000000000
00000000000000000000000000000000
00000000000000000000000000000000
00000000000000000000000000000000
00000000000000000000000000000000
00000000000000000000000000000000
00000000000000000000000000000000
00000000000000000000000000000000
00000000000000000000000000000000
00000000000000000000000000000000
// END
// JOB 4 13 5
11000000010100000000000001001100
01001011000001100000000000000000
01001011000000000000000000000000
01001011000000010000000000000000
01001011000000100000000000000000
01001011000000110000000000000001
01001111000001110000000010011100
11000001001001110000000000000000
01001100000001110000000000000100
01001100000001100000000000000001
00000101001100100000000000000000
11000001000001110000000000000000
01001100000001110000000000000100
01001100000001100000000000000001
00000100001000110000000000000000
00000100001100000000000000000000
00010000011001011000000000000000
01010110100000010000000000101000
10010010000000000000000000000000
// Data 14 C C
00000000000000000000000000001011
00000000000000000000000000000000
00000000000000000000000000000000
00000000000000000000000000000000
00000000000000000000000000000000
00000000000000000000000000000000
00000000000000000000000000000000
00000000000000000000000000000000
00000000000000000000000000000000
00000000000000000000000000000000
00000000000000000000000000000000
00000000000000000000000000000000
00000000000000000000000000000000
00000000000000000000000000000000
00000000000000000000000000000000
00000000000000000000000000000000
00000000000000000000000000000000
00000000000000000000000000000000
00000000000000000000000000000000
00000000000000000000000000000000
00000000000000000000000000000000
00000000000000000000000000000000
00000000000000000000000000000000
00000000000000000000000000000000
00000000000000000000000000000000
00000000000000000000000000000000
00000000000000000000000000000000
00000000000000000000000000000000
00000000000000000000000000000000
00000000000000000000000000000000
00000000000000000000000000000000
00000000000000000000000000000000
00000000000000000000000000000000
00000000000000000000000000000000
00000000000000000000000000000000
00000000000000000000000000000000
00000000000000000000000000000000
00000000000000000000000000000000
00000000000000000000000000000000
00000000000000000000000000000000
00000000000000000000000000000000
00000000000000000000000000000000
00000000000000000000000000000000
00000000000000000000000000000000
// END
// JOB 5 1C 3
11000000010100000000000001110000
01001011000001100000000000000000
01001011000000010000000000000000
01001011000000000000000000000000
01001111000010100000000001110000
01001111000011010000000011110000
01001100000010100000000000000100
11000000101110100000000000000000
01000010101111010000000000000000
01001100000011010000000000000100
01001100000001100000000000000001
00010000011001011000000000000000
01010110100000010000000000011000
01001011000001100000000000000000
01001111000010010000000011110000
01000011100100000000000000000000
01001100000001100000000000000001
01001100000010010000000000000100
01000011100100100000000000000000
01001100000001100000000000000001
01001100000010010000000000000100
00010000000000101000000000000000
01010101100000010000000001100000
00000100000000100000000000000000
00010000011001011000000000000000
01010110100000010000000001001000
11000001000000000000000011000000
10010010000000000000000000000000
// Data 14 C C
00000000000000000000000000001010
00000000000000000000000000000110
00000000000000000000000000101100
00000000000000000000000001000101
00000000000000000000000000000001
00000000000000000000000000010111
00000000000000000000000000000000
00000000000000000000000000000001
00000000000000000000000000000101
00000000000000000000000010101010
00000000000000000000000001010101
00000000000000000000000000000000
00000000000000000000000000000000
00000000000000000000000000000000
00000000000000000000000000000000
00000000000000000000000000000000
00000000000000000000000000000000
00000000000000000000000000000000
00000000000000000000000000000000
00000000000000000000000000000000
00000000000000000000000000000000
00000000000000000000000000000000
00000000000000000000000000000000
00000000000000000000000000000000
00000000000000000000000000000000
00000000000000000000000000000000
00000000000000000000000000000000
00000000000000000000000000000000
00000000000000000000000000000000
00000000000000000000000000000000
00000000000000000000000000000000
00000000000000000000000000000000
00000000000000000000000000000000
00000000000000000000000000000000
00000000000000000000000000000000
00000000000000000000000000000000
00000000000000000000000000000000
00000000000000000000000000000000
00000000000000000000000000000000
00000000000000000000000000000000
00000000000000000000000000000000
00000000000000000000000000000000
00000000000000000000000000000000
00000000000000000000000000000000
// END
// JOB 6 18 7
11000000010100000000000001100000
01001011000001100000000000000000
01001011000000010000000000000000
01001011000000000000000000000000
01001111000010100000000001100000
01001111000011010000000011100000
01001100000010100000000000000100
11000000101110100000000000000000
01000010101111010000000000000000
01001100000011010000000000000100
01001100000001100000000000000001
00010000011001011000000000000000
01010110100000010000000000011000
01001011000001100000000000000000
01001111000010010000000011100000
01000011100101110000000000000000
00000101000001110000000000000000
01001100000001100000000000000001
01001100000010010000000000000100
00010000011001011000000000000000
01010110100000010000000000111100
00001000000001010000000000000000
11000001000000000000000010110000
10010010000000000000000000000000
// Data 14 C C
00000000000000000000000000001010
00000000000000000000000000001101
00000000000000000000000000101100
00000000000000000000000001000101
00000000000000000000000011011110
00000000000000000000000000001001
00000000000000000000000010110000
00000000000000000000000000000001
00000000000000000000000000000111
00000000000000000000000010101010
00000000000000000000000001010101
00000000000000000000000000000000
00000000000000000000000000000000
00000000000000000000000000000000
00000000000000000000000000000000
00000000000000000000000000000000
00000000000000000000000000000000
00000000000000000000000000000000
00000000000000000000000000000000
00000000000000000000000000000000
00000000000000000000000000000000
00000000000000000000000000000000
00000000000000000000000000000000
00000000000000000000000000000000
00000000000000000000000000000000
00000000000000000000000000000000
00000000000000000000000000000000
00000000000000000000000000000000
00000000000000000000000000000000
00000000000000000000000000000000
00000000000000000000000000000000
00000000000000000000000000000000
00000000000000000000000000000000
00000000000000000000000000000000
00000000000000000000000000000000
00000000000000000000000000000000
00000000000000000000000000000000
00000000000000000000000000000000
00000000000000000000000000000000
00000000000000000000000000000000
00000000000000000000000000000000
00000000000000000000000000000000
00000000000000000000000000000000
00000000000000000000000000000000
// END
// JOB 7 13 5
11000000010100000000000001001100
01001011000001100000000000000000
01001011000000000000000000000000
01001011000000010000000000000000
01001011000000100000000000000000
01001011000000110000000000000001
01001111000001110000000010011100
11000001001001110000000000000000
01001100000001110000000000000100
01001100000001100000000000000001
00000101001100100000000000000000
11000001000001110000000000000000
01001100000001110000000000000100
01001100000001100000000000000001
00000100000000100011000000000000
00000100000000000010000000000000
00010000011001011000000000000000
01010110100000010000000000101000
10010010000000000000000000000000
// Data 14 C C
00000000000000000000000000001011
00000000000000000000000000000000
00000000000000000000000000000000
00000000000000000000000000000000
00000000000000000000000000000000
00000000000000000000000000000000
00000000000000000000000000000000
00000000000000000000000000000000
00000000000000000000000000000000
00000000000000000000000000000000
00000000000000000000000000000000
00000000000000000000000000000000
00000000000000000000000000000000
00000000000000000000000000000000
00000000000000000000000000000000
00000000000000000000000000000000
00000000000000000000000000000000
00000000000000000000000000000000
00000000000000000000000000000000
00000000000000000000000000000000
00000000000000000000000000000000
00000000000000000000000000000000
00000000000000000000000000000000
00000000000000000000000000000000
00000000000000000000000000000000
00000000000000000000000000000000
00000000000000000000000000000000
00000000000000000000000000000000
00000000000000000000000000000000
00000000000000000000000000000000
00000000000000000000000000000000
00000000000000000000000000000000
00000000000000000000000000000000
00000000000000000000000000000000
00000000000000000000000000000000
00000000000000000000000000000000
00000000000000000000000000000000
00000000000000000000000000000000
00000000000000000000000000000000
00000000000000000000000000000000
00000000000000000000000000000000
00000000000000000000000000000000
00000000000000000000000000000000
00000000000000000000000000000000
// END
// JOB 8 13 10
11000000010100000000000001001100
01001011000001100000000000000000
01001011000000000000000000000000
01001011000000010000000000000000
01001011000000100000000000000000
01001011000000110000000000000001
01001111000001110000000010011100
11000001001001110000000000000000
01001100000001110000000000000100
01001100000001100000000000000001
00000101001100100000000000000000
11000001000001110000000000000000
01001100000001110000000000000100
01001100000001100000000000000001
00000100001000110000000000000000
00000100001100000000000000000000
00010000011001011000000000000000
01010110100000010000000000101000
10010010000000000000000000000000
// Data 14 C C
00000000000000000000000000001011
00000000000000000000000000000000
00000000000000000000000000000000
00000000000000000000000000000000
00000000000000000000000000000000
00000000000000000000000000000000
00000000000000000000000000000000
00000000000000000000000000000000
00000000000000000000000000000000
00000000000000000000000000000000
00000000000000000000000000000000
00000000000000000000000000000000
00000000000000000000000000000000
00000000000000000000000000000000
00000000000000000000000000000000
00000000000000000000000000000000
00000000000000000000000000000000
00000000000000000000000000000000
00000000000000000000000000000000
00000000000000000000000000000000
00000000000000000000000000000000
00000000000000000000000000000000
00000000000000000000000000000000
00000000000000000000000000000000
00000000000000000000000000000000
00000000000000000000000000000000
00000000000000000000000000000000
00000000000000000000000000000000
00000000000000000000000000000000
00000000000000000000000000000000
00000000000000000000000000000000
00000000000000000000000000000000
00000000000000000000000000000000
00000000000000000000000000000000
00000000000000000000000000000000
00000000000000000000000000000000
00000000000000000000000000000000
00000000000000000000000000000000
00000000000000000000000000000000
00000000000000000000000000000000
00000000000000000000000000000000
00000000000000000000000000000000
00000000000000000000000000000000
00000000000000000000000000000000
// END
// JOB 9 18 2
11000000010100000000000001100000
01001011000001100000000000000000
01001011000000010000000000000000
01001011000000000000000000000000
01001111000010100000000001100000
01001111000011010000000011100000
01001100000010100000000000000100
11000000101110100000000000000000
01000010101111010000000000000000
01001100000011010000000000000100
01001100000001100000000000000001
00010000011001011000000000000000
01010110100000010000000000011000
01001011000001100000000000000000
01001111000010010000000011100000
01000011100101110000000000000000
00000101000001110000000000000000
01001100000001100000000000000001
01001100000010010000000000000100
00010000011001011000000000000000
01010110100000010000000000111100
00001000000001010000000000000000
11000001000000000000000010110000
10010010000000000000000000000000
// Data 14 C C
00000000000000000000000000001010
00000000000000000000000000000110
00000000000000000000000000101100
00000000000000000000000001000101
00000000000000000000000000000001
00000000000000000000000000001001
00000000000000000000000010110000
00000000000000000000000000000001
00000000000000000000000000000111
00000000000000000000000010101010
00000000000000000000000001010101
00000000000000000000000000000000
00000000000000000000000000000000
00000000000000000000000000000000
00000000000000000000000000000000
00000000000000000000000000000000
00000000000000000000000000000000
00000000000000000000000000000000
00000000000000000000000000000000
00000000000000000000000000000000
00000000000000000000000000000000
00000000000000000000000000000000
00000000000000000000000000000000
00000000000000000000000000000000
00000000000000000000000000000000
00000000000000000000000000000000
00000000000000000000000000000000
00000000000000000000000000000000
00000000000000000000000000000000
00000000000000000000000000000000
00000000000000000000000000000000
00000000000000000000000000000000
00000000000000000000000000000000
00000000000000000000000000000000
00000000000000000000000000000000
00000000000000000000000000000000
00000000000000000000000000000000
00000000000000000000000000000000
00000000000000000000000000000000
00000000000000000000000000000000
00000000000000000000000000000000
00000000000000000000000000000000
00000000000000000000000000000000
00000000000000000000000000000000
// END
// JOB A 1C A
11000000010100000000000001110000
01001011000001100000000000000000
01001011000000010000000000000000
01001011000000000000000000000000
01001111000010100000000001110000
01001111000011010000000011110000
01001100000010100000000000000100
11000000101110100000000000000000
01000010101111010000000000000000
01001100000011010000000000000100
01001100000001100000000000000001
00010000011001011000000000000000
01010110100000010000000000011000
01001011000001100000000000000000
01001111000010010000000011110000
01000011100100000000000000000000
01001100000001100000000000000001
01001100000010010000000000000100
01000011100100100000000000000000
01001100000001100000000000000001
01001100000010010000000000000100
00010000000000101000000000000000
01010101100000010000000001100000
00000100000000100000000000000000
00010000011001011000000000000000
01010110100000010000000001001000
11000001000000000000000011000000
10010010000000000000000000000000
// Data 14 C C
00000000000000000000000000001010
00000000000000000000000000000110
00000000000000000000000000101100
00000000000000000000000001000101
00000000000000000000000000000001
00000000000000000000000000000111
00000000000000000000000000000000
00000000000000000000000000000001
00000000000000000000000000000101
00000000000000000000000000001010
00000000000000000000000001010101
00000000000000000000000000000000
00000000000000000000000000000000
00000000000000000000000000000000
00000000000000000000000000000000
00000000000000000000000000000000
00000000000000000000000000000000
00000000000000000000000000000000
00000000000000000000000000000000
00000000000000000000000000000000
00000000000000000000000000000000
00000000000000000000000000000000
00000000000000000000000000000000
00000000000000000000000000000000
00000000000000000000000000000000
00000000000000000000000000000000
00000000000000000000000000000000
00000000000000000000000000000000
00000000000000000000000000000000
00000000000000000000000000000000
00000000000000000000000000000000
00000000000000000000000000000000
00000000000000000000000000000000
00000000000000000000000000000000
00000000000000000000000000000000
00000000000000000000000000000000
00000000000000000000000000000000
00000000000000000000000000000000
00000000000000000000000000000000
00000000000000000000000000000000
00000000000000000000000000000000
00000000000000000000000000000000
00000000000000000000000000000000
00000000000000000000000000000000
// END
// JOB B 17 3
11000000010100000000000001011100
01001011000001100000000000000000
01001011000000010000000000000000
01001011000000000000000000000000
01001111000010100000000001011100
01001111000011010000000011011100
01001100000010100000000000000100
11000000101110100000000000000000
01000010101111010000000000000000
01001100000011010000000000000100
01001100000001100000000000000001
00010000011001011000000000000000
01010110100000010000000000011000
01001011000001100000000000000000
01001111000010010000000011011100
01000011100101110000000000000000
00000101000001110000000000000000
01001100000001100000000000000001
01001100000010010000000000000100
00010000011001011000000000000000
01010110100000010000000000111100
11000001000000000000000010101100
10010010000000000000000000000000
// Data 14 C C
00000000000000000000000000001010
00000000000000000000000000000110
00000000000000000000000000101100
00000000000000000000000001000101
00000000000000000000000010000001
00000000000000000000000011100111
00000000000000000000000011000000
00000000000000000000000000000001
00000000000000000000000001100101
00000000000000000000000000001010
00000000000000000000000001010101
00000000000000000000000000000000
00000000000000000000000000000000
00000000000000000000000000000000
00000000000000000000000000000000
00000000000000000000000000000000
00000000000000000000000000000000
00000000000000000000000000000000
00000000000000000000000000000000
00000000000000000000000000000000
00000000000000000000000000000000
00000000000000000000000000000000
00000000000000000000000000000000
00000000000000000000000000000000
00000000000000000000000000000000
00000000000000000000000000000000
00000000000000000000000000000000
00000000000000000000000000000000
00000000000000000000000000000000
00000000000000000000000000000000
00000000000000000000000000000000
00000000000000000000000000000000
00000000000000000000000000000000
00000000000000000000000000000000
00000000000000000000000000000000
00000000000000000000000000000000
00000000000000000000000000000000
00000000000000000000000000000000
00000000000000000000000000000000
00000000000000000000000000000000
00000000000000000000000000000000
00000000000000000000000000000000
00000000000000000000000000000000
00000000000000000000000000000000
// END
// JOB C 1C 9
11000000010100000000000001110000
01001011000001100000000000000000
01001011000000010000000000000000
01001011000000000000000000000000
01001111000010100000000001110000
01001111000011010000000011110000
01001100000010100000000000000100
11000000101110100000000000000000
01000010101111010000000000000000
01001100000011010000000000000100
01001100000001100000000000000001
00010000011001011000000000000000
01010110100000010000000000011000
01001011000001100000000000000000
01001111000010010000000011110000
01000011100100000000000000000000
01001100000001100000000000000001
01001100000010010000000000000100
01000011100100100000000000000000
01001100000001100000000000000001
01001100000010010000000000000100
00010000000000101000000000000000
01010101100000010000000001100000
00000100000000100000000000000000
00010000011001011000000000000000
01010110100000010000000001001000
11000001000000000000000011000000
10010010000000000000000000000000
// Data 14 C C
00000000000000000000000000001010
00000000000000000000000000000110
00000000000000000000000000101100
00000000000000000000000001000101
00000000000000000000000011100001
00000000000000000000000000010111
00000000000000000000000000000000
00000000000000000000000000000010
00000000000000000000000000000101
00000000000000000000000010101010
00000000000000000000000001010101
00000000000000000000000000000000
00000000000000000000000000000000
00000000000000000000000000000000
00000000000000000000000000000000
00000000000000000000000000000000
00000000000000000000000000000000
00000000000000000000000000000000
00000000000000000000000000000000
00000000000000000000000000000000
00000000000000000000000000000000
00000000000000000000000000000000
00000000000000000000000000000000
00000000000000000000000000000000
00000000000000000000000000000000
00000000000000000000000000000000
00000000000000000000000000000000
00000000000000000000000000000000
00000000000000000000000000000000
00000000000000000000000000000000
00000000000000000000000000000000
00000000000000000000000000000000
00000000000000000000000000000000
00000000000000000000000000000000
00000000000000000000000000000000
00000000000000000000000000000000
00000000000000000000000000000000
00000000000000000000000000000000
00000000000000000000000000000000
00000000000000000000000000000000
00000000000000000000000000000000
00000000000000000000000000000000
00000000000000000000000000000000
00000000000000000000000000000000
// END
// JOB D 18 C
11000000010100000000000001100000
01001011000001100000000000000000
01001011000000010000000000000000
01001011000000000000000000000000
01001111000010100000000001100000
01001111000011010000000011100000
01001100000010100000000000000100
11000000101110100000000000000000
01000010101111010000000000000000
01001100000011010000000000000100
01001100000001100000000000000001
00010000011001011000000000000000
01010110100000010000000000011000
01001011000001100000000000000000
01001111000010010000000011100000
01000011100101110000000000000000
00000101000001110000000000000000
01001100000001100000000000000001
01001100000010010000000000000100
00010000011001011000000000000000
01010110100000010000000000111100
00001000000001010000000000000000
11000001000000000000000010110000
10010010000000000000000000000000
// Data 14 C C
00000000000000000000000000001010
00000000000000000000000000000110
00000000000000000000000000101100
00000000000000000000000001000101
00000000000000000000000000000001
00000000000000000000000000001001
00000000000000000000000010110000
00000000000000000000000000000001
00000000000000000000000000000111
00000000000000000000000010101010
00000000000000000000000001010101
00000000000000000000000000000000
00000000000000000000000000000000
00000000000000000000000000000000
00000000000000000000000000000000
00000000000000000000000000000000
00000000000000000000000000000000
00000000000000000000000000000000
00000000000000000000000000000000
00000000000000000000000000000000
00000000000000000000000000000000
00000000000000000000000000000000
00000000000000000000000000000000
00000000000000000000000000000000
00000000000000000000000000000000
00000000000000000000000000000000
00000000000000000000000000000000
00000000000000000000000000000000
00000000000000000000000000000000
00000000000000000000000000000000
00000000000000000000000000000000
00000000000000000000000000000000
00000000000000000000000000000000
00000000000000000000000000000000
00000000000000000000000000000000
00000000000000000000000000000000
00000000000000000000000000000000
00000000000000000000000000000000
00000000000000000000000000000000
00000000000000000000000000000000
00000000000000000000000000000000
00000000000000000000000000000000
00000000000000000000000000000000
00000000000000000000000000000000
// END
// JOB E 13 2
11000000010100000000000001001100
01001011000001100000000000000000
01001011000000000000000000000000
01001011000000010000000000000000
01001011000000100000000000000000
01001011000000110000000000000001
01001111000001110000000010011100
11000001001001110000000000000000
01001100000001110000000000000100
01001100000001100000000000000001
00000101001100100000000000000000
11000001000001110000000000000000
01001100000001110000000000000100
01001100000001100000000000000001
00000100001000110000000000000000
00000100001100000000000000000000
00010000011001011000000000000000
01010110100000010000000000101000
10010010000000000000000000000000
// Data 14 C C
00000000000000000000000000001001
00000000000000000000000000000000
00000000000000000000000000000000
00000000000000000000000000000000
00000000000000000000000000000000
00000000000000000000000000000000
00000000000000000000000000000000
00000000000000000000000000000000
00000000000000000000000000000000
00000000000000000000000000000000
00000000000000000000000000000000
00000000000000000000000000000000
00000000000000000000000000000000
00000000000000000000000000000000
00000000000000000000000000000000
00000000000000000000000000000000
00000000000000000000000000000000
00000000000000000000000000000000
00000000000000000000000000000000
00000000000000000000000000000000
00000000000000000000000000000000
00000000000000000000000000000000
00000000000000000000000000000000
00000000000000000000000000000000
00000000000000000000000000000000
00000000000000000000000000000000
00000000000000000000000000000000
00000000000000000000000000000000
00000000000000000000000000000000
00000000000000000000000000000000
00000000000000000000000000000000
00000000000000000000000000000000
00000000000000000000000000000000
00000000000000000000000000000000
00000000000000000000000000000000
00000000000000000000000000000000
00000000000000000000000000000000
00000000000000000000000000000000
00000000000000000000000000000000
00000000000000000000000000000000
00000000000000000000000000000000
00000000000000000000000000000000
00000000000000000000000000000000
00000000000000000000000000000000
// END
// JOB F 18 5
11000000010100000000000001100000
01001011000001100000000000000000
01001011000000010000000000000000
01001011000000000000000000000000
01001111000010100000000001100000
01001111000011010000000011100000
01001100000010100000000000000100
11000000101110100000000000000000
01000010101111010000000000000000
01001100000011010000000000000100
01001100000001100000000000000001
00010000011001011000000000000000
01010110100000010000000000011000
01001011000001100000000000000000
01001111000010010000000011100000
01000011100101110000000000000000
00000101000001110000000000000000
01001100000001100000000000000001
01001100000010010000000000000100
00010000011001011000000000000000
01010110100000010000000000111100
00001000000001010000000000000000
11000001000000000000000010110000
10010010000000000000000000000000
// Data 14 C C
00000000000000000000000000001001
00000000000000000000000000000110
00000000000000000000000000101100
00000000000000000000000001000101
00000000000000000000000000000001
00000000000000000000000000001001
00000000000000000000000010110000
00000000000000000000000000000001
00000000000000000000000000000111
00000000000000000000000010101010
00000000000000000000000000000000
00000000000000000000000000000000
00000000000000000000000000000000
00000000000000000000000000000000
00000000000000000000000000000000
00000000000000000000000000000000
00000000000000000000000000000000
00000000000000000000000000000000
00000000000000000000000000000000
00000000000000000000000000000000
00000000000000000000000000000000
00000000000000000000000000000000
00000000000000000000000000000000
00000000000000000000000000000000
00000000000000000000000000000000
00000000000000000000000000000000
00000000000000000000000000000000
00000000000000000000000000000000
00000000000000000000000000000000
00000000000000000000000000000000
00000000000000000000000000000000
00000000000000000000000000000000
00000000000000000000000000000000
00000000000000000000000000000000
00000000000000000000000000000000
00000000000000000000000000000000
00000000000000000000000000000000
00000000000000000000000000000000
00000000000000000000000000000000
00000000000000000000000000000000
00000000000000000000000000000000
00000000000000000000000000000000
00000000000000000000000000000000
00000000000000000000000000000000
// END
// JOB 10 13 8
11000000010100000000000001001100
01001011000001100000000000000000
01001011000000000000000000000000
01001011000000010000000000000000
01001011000000100000000000000000
01001011000000110000000000000001
01001111000001110000000010011100
11000001001001110000000000000000
01001100000001110000000000000100
01001100000001100000000000000001
00000101001100100000000000000000
11000001000001110000000000000000
01001100000001110000000000000100
01001100000001100000000000000001
00000100001000110000000000000000
00000100001100000000000000000000
00010000011001011000000000000000
01010110100000010000000000101000
10010010000000000000000000000000
// Data 14 C C
00000000000000000000000000000100
00000000000000000000000000000000
00000000000000000000000000000000
00000000000000000000000000000000
00000000000000000000000000000000
00000000000000000000000000000000
00000000000000000000000000000000
00000000000000000000000000000000
00000000000000000000000000000000
00000000000000000000000000000000
00000000000000000000000000000000
00000000000000000000000000000000
00000000000000000000000000000000
00000000000000000000000000000000
00000000000000000000000000000000
00000000000000000000000000000000
00000000000000000000000000000000
00000000000000000000000000000000
00000000000000000000000000000000
00000000000000000000000000000000
00000000000000000000000000000000
00000000000000000000000000000000
00000000000000000000000000000000
00000000000000000000000000000000
00000000000000000000000000000000
00000000000000000000000000000000
00000000000000000000000000000000
00000000000000000000000000000000
00000000000000000000000000000000
00000000000000000000000000000000
00000000000000000000000000000000
00000000000000000000000000000000
00000000000000000000000000000000
00000000000000000000000000000000
00000000000000000000000000000000
00000000000000000000000000000000
00000000000000000000000000000000
00000000000000000000000000000000
00000000000000000000000000000000
00000000000000000000000000000000
00000000000000000000000000000000
00000000000000000000000000000000
00000000000000000000000000000000
00000000000000000000000000000000
// END
// JOB 11 1C 4
11000000010100000000000001110000
01001011000001100000000000000000
01001011000000010000000000000000
01001011000000000000000000000000
01001111000010100000000001110000
01001111000011010000000011110000
01001100000010100000000000000100
11000000101110100000000000000000
01000010101111010000000000000000
01001100000011010000000000000100
01001100000001100000000000000001
00010000011001011000000000000000
01010110100000010000000000011000
01001011000001100000000000000000
01001111000010010000000011110000
01000011100100000000000000000000
01001100000001100000000000000001
01001100000010010000000000000100
01000011100100100000000000000000
01001100000001100000000000000001
01001100000010010000000000000100
00010000000000101000000000000000
01010101100000010000000001100000
00000100000000100000000000000000
00010000011001011000000000000000
01010110100000010000000001001000
11000001000000000000000011000000
10010010000000000000000000000000
// Data 14 C C
00000000000000000000000000001010
00000000000000000000000000000110
00000000000000000000000000101100
00000000000000000000000001000101
00000000000000000000000010110001
00000000000000000000000000000111
00000000000000000000000010011100
00000000000000000000000000000001
00000000000000000000000001000101
00000000000000000000000000001010
00000000000000000000000001010101
00000000000000000000000000000000
00000000000000000000000000000000
00000000000000000000000000000000
00000000000000000000000000000000
00000000000000000000000000000000
00000000000000000000000000000000
00000000000000000000000000000000
00000000000000000000000000000000
00000000000000000000000000000000
00000000000000000000000000000000
00000000000000000000000000000000
00000000000000000000000000000000
00000000000000000000000000000000
00000000000000000000000000000000
00000000000000000000000000000000
00000000000000000000000000000000
00000000000000000000000000000000
00000000000000000000000000000000
00000000000000000000000000000000
00000000000000000000000000000000
00000000000000000000000000000000
00000000000000000000000000000000
00000000000000000000000000000000
00000000000000000000000000000000
00000000000000000000000000000000
00000000000000000000000000000000
00000000000000000000000000000000
00000000000000000000000000000000
00000000000000000000000000000000
00000000000000000000000000000000
00000000000000000000000000000000
00000000000000000000000000000000
00000000000000000000000000000000
// END
// JOB 12 18 C
11000000010100000000000001100000
01001011000001100000000000000000
01001011000000010000000000000000
01001011000000000000000000000000
01001111000010100000000001100000
01001111000011010000000011100000
01001100000010100000000000000100
11000000101110100000000000000000
01000010101111010000000000000000
01001100000011010000000000000100
01001100000001100000000000000001
00010000011001011000000000000000
01010110100000010000000000011000
01001011000001100000000000000000
01001111000010010000000011100000
01000011100101110000000000000000
00000101000001110000000000000000
01001100000001100000000000000001
01001100000010010000000000000100
00010000011001011000000000000000
01010110100000010000000000111100
00001000000001010000000000000000
11000001000000000000000010110000
10010010000000000000000000000000
// Data 14 C C
00000000000000000000000000001010
00000000000000000000000000000110
00000000000000000000000000101100
00000000000000000000000001000101
00000000000000000000000000000001
00000000000000000000000000001001
00000000000000000000000010110000
00000000000000000000000000000001
00000000000000000000000000000111
00000000000000000000000010101010
00000000000000000000000001010101
00000000000000000000000000000000
00000000000000000000000000000000
00000000000000000000000000000000
00000000000000000000000000000000
00000000000000000000000000000000
00000000000000000000000000000000
00000000000000000000000000000000
00000000000000000000000000000000
00000000000000000000000000000000
00000000000000000000000000000000
00000000000000000000000000000000
00000000000000000000000000000000
00000000000000000000000000000000
00000000000000000000000000000000
00000000000000000000000000000000
00000000000000000000000000000000
00000000000000000000000000000000
00000000000000000000000000000000
00000000000000000000000000000000
00000000000000000000000000000000
00000000000000000000000000000000
00000000000000000000000000000000
00000000000000000000000000000000
00000000000000000000000000000000
00000000000000000000000000000000
00000000000000000000000000000000
00000000000000000000000000000000
00000000000000000000000000000000
00000000000000000000000000000000
00000000000000000000000000000000
00000000000000000000000000000000
00000000000000000000000000000000
00000000000000000000000000000000
// END
// JOB 13 1C 1
11000000010100000000000001110000
01001011000001100000000000000000
01001011000000010000000000000000
01001011000000000000000000000000
01001111000010100000000001110000
01001111000011010000000011110000
01001100000010100000000000000100
11000000101110100000000000000000
01000010101111010000000000000000
01001100000011010000000000000100
01001100000001100000000000000001
00010000011001011000000000000000
01010110100000010000000000011000
01001011000001100000000000000000
01001111000010010000000011110000
01000011100100000000000000000000
01001100000001100000000000000001
01001100000010010000000000000100
01000011100100100000000000000000
01001100000001100000000000000001
01001100000010010000000000000100
00010000000000101000000000000000
01010101100000010000000001100000
00000100000000100000000000000000
00010000011001011000000000000000
01010110100000010000000001001000
11000001000000000000000011000000
10010010000000000000000000000000
// Data 14 C C
00000000000000000000000000001000
00000000000000000000000000000110
00000000000000000000000000101100
00000000000000000000000001000101
00000000000000000000000000000001
00000000000000000000000000000111
00000000000000000000000000000000
00000000000000000000000000000001
00000000000000000000000000000101
00000000000000000000000000000000
00000000000000000000000000000000
00000000000000000000000000000000
00000000000000000000000000000000
00000000000000000000000000000000
00000000000000000000000000000000
00000000000000000000000000000000
00000000000000000000000000000000
00000000000000000000000000000000
00000000000000000000000000000000
00000000000000000000000000000000
00000000000000000000000000000000
00000000000000000000000000000000
00000000000000000000000000000000
00000000000000000000000000000000
00000000000000000000000000000000
00000000000000000000000000000000
00000000000000000000000000000000
00000000000000000000000000000000
00000000000000000000000000000000
00000000000000000000000000000000
00000000000000000000000000000000
00000000000000000000000000000000
00000000000000000000000000000000
00000000000000000000000000000000
00000000000000000000000000000000
00000000000000000000000000000000
00000000000000000000000000000000
00000000000000000000000000000000
00000000000000000000000000000000
00000000000000000000000000000000
00000000000000000000000000000000
00000000000000000000000000000000
00000000000000000000000000000000
00000000000000000000000000000000
// END
// JOB 14 18 2
11000000010100000000000001100000
01001011000001100000000000000000
01001011000000010000000000000000
01001011000000000000000000000000
01001111000010100000000001100000
01001111000011010000000011100000
01001100000010100000000000000100
11000000101110100000000000000000
01000010101111010000000000000000
01001100000011010000000000000100
01001100000001100000000000000001
00010000011001011000000000000000
01010110100000010000000000011000
01001011000001100000000000000000
01001111000010010000000011100000
01000011100101110000000000000000
00000101000001110000000000000000
01001100000001100000000000000001
01001100000010010000000000000100
00010000011001011000000000000000
01010110100000010000000000111100
00001000000001010000000000000000
11000001000000000000000010110000
10010010000000000000000000000000
// Data 14 C C
00000000000000000000000000001010
00000000000000000000000000000110
00000000000000000000000000101100
00000000000000000000000001000101
00000000000000000000000000000001
00000000000000000000000000001001
00000000000000000000000010110000
00000000000000000000000000000001
00000000000000000000000000000111
00000000000000000000000010101010
00000000000000000000000001010101
00000000000000000000000000000000
00000000000000000000000000000000
00000000000000000000000000000000
00000000000000000000000000000000
00000000000000000000000000000000
00000000000000000000000000000000
00000000000000000000000000000000
00000000000000000000000000000000
00000000000000000000000000000000
00000000000000000000000000000000
00000000000000000000000000000000
00000000000000000000000000000000
00000000000000000000000000000000
00000000000000000000000000000000
00000000000000000000000000000000
00000000000000000000000000000000
00000000000000000000000000000000
00000000000000000000000000000000
00000000000000000000000000000000
00000000000000000000000000000000
00000000000000000000000000000000
00000000000000000000000000000000
00000000000000000000000000000000
00000000000000000000000000000000
00000000000000000000000000000000
00000000000000000000000000000000
00000000000000000000000000000000
00000000000000000000000000000000
00000000000000000000000000000000
00000000000000000000000000000000
00000000000000000000000000000000
00000000000000000000000000000000
00000000000000000000000000000000
// END
// JOB 15 13 4
11000000010100000000000001001100
01001011000001100000000000000000
01001011000000000000000000000000
01001011000000010000000000000000
01001011000000100000000000000000
01001011000000110000000000000001
01001111000001110000000010011100
11000001001001110000000000000000
01001100000001110000000000000100
01001100000001100000000000000001
00000101001100100000000000000000
11000001000001110000000000000000
01001100000001110000000000000100
01001100000001100000000000000001
00000100001000110000000000000000
00000100001100000000000000000000
00010000011001011000000000000000
01010110100000010000000000101000
10010010000000000000000000000000
// Data 14 C C
00000000000000000000000000001100
00000000000000000000000000000000
00000000000000000000000000000000
00000000000000000000000000000000
00000000000000000000000000000000
00000000000000000000000000000000
00000000000000000000000000000000
00000000000000000000000000000000
00000000000000000000000000000000
00000000000000000000000000000000
00000000000000000000000000000000
00000000000000000000000000000000
00000000000000000000000000000000
00000000000000000000000000000000
00000000000000000000000000000000
00000000000000000000000000000000
00000000000000000000000000000000
00000000000000000000000000000000
00000000000000000000000000000000
00000000000000000000000000000000
00000000000000000000000000000000
00000000000000000000000000000000
00000000000000000000000000000000
00000000000000000000000000000000
00000000000000000000000000000000
00000000000000000000000000000000
00000000000000000000000000000000
00000000000000000000000000000000
00000000000000000000000000000000
00000000000000000000000000000000
00000000000000000000000000000000
00000000000000000000000000000000
00000000000000000000000000000000
00000000000000000000000000000000
00000000000000000000000000000000
00000000000000000000000000000000
00000000000000000000000000000000
00000000000000000000000000000000
00000000000000000000000000000000
00000000000000000000000000000000
00000000000000000000000000000000
00000000000000000000000000000000
00000000000000000000000000000000
00000000000000000000000000000000
// END
// JOB 16 1C A
11000000010100000000000001110000
01001011000001100000000000000000
01001011000000010000000000000000
01001011000000000000000000000000
01001111000010100000000001110000
01001111000011010000000011110000
01001100000010100000000000000100
11000000101110100000000000000000
01000010101111010000000000000000
01001100000011010000000000000100
01001100000001100000000000000001
00010000011001011000000000000000
01010110100000010000000000011000
01001011000001100000000000000000
01001111000010010000000011110000
01000011100100000000000000000000
01001100000001100000000000000001
01001100000010010000000000000100
01000011100100100000000000000000
01001100000001100000000000000001
01001100000010010000000000000100
00010000000000101000000000000000
01010101100000010000000001100000
00000100000000100000000000000000
00010000011001011000000000000000
01010110100000010000000001001000
11000001000000000000000011000000
10010010000000000000000000000000
// Data 14 C C
00000000000000000000000000001010
00000000000000000000000000000110
00000000000000000000000000101100
00000000000000000000000001000101
00000000000000000000000000000001
00000000000000000000000000000111
00000000000000000000000000000000
00000000000000000000000000000001
00000000000000000000000000000101
00000000000000000000000000001010
00000000000000000000000001010101
00000000000000000000000000000000
00000000000000000000000000000000
00000000000000000000000000000000
00000000000000000000000000000000
00000000000000000000000000000000
00000000000000000000000000000000
00000000000000000000000000000000
00000000000000000000000000000000
00000000000000000000000000000000
00000000000000000000000000000000
00000000000000000000000000000000
00000000000000000000000000000000
00000000000000000000000000000000
00000000000000000000000000000000
00000000000000000000000000000000
00000000000000000000000000000000
00000000000000000000000000000000
00000000000000000000000000000000
00000000000000000000000000000000
00000000000000000000000000000000
00000000000000000000000000000000
00000000000000000000000000000000
00000000000000000000000000000000
00000000000000000000000000000000
00000000000000000000000000000000
00000000000000000000000000000000
00000000000000000000000000000000
00000000000000000000000000000000
00000000000000000000000000000000
00000000000000000000000000000000
00000000000000000000000000000000
00000000000000000000000000000000
00000000000000000000000000000000
// END
// JOB 17 17 5
11000000010100000000000001011100
01001011000001100000000000000000
01001011000000010000000000000000
01001011000000000000000000000000
01001111000010100000000001011100
01001111000011010000000011011100
01001100000010100000000000000100
11000000101110100000000000000000
01000010101111010000000000000000
01001100000011010000000000000100
01001100000001100000000000000001
00010000011001011000000000000000
01010110100000010000000000011000
01001011000001100000000000000000
01001111000010010000000011011100
01000011100101110000000000000000
00000101000001110000000000000000
01001100000001100000000000000001
01001100000010010000000000000100
00010000011001011000000000000000
01010110100000010000000000111100
11000001000000000000000010101100
10010010000000000000000000000000
// Data 14 C C
00000000000000000000000000001001
00000000000000000000000000000110
00000000000000000000000000101100
00000000000000000000000001000101
00000000000000000000000000000001
00000000000000000000000000000111
00000000000000000000000000000000
00000000000000000000000000000001
00000000000000000000000000000101
00000000000000000000000000001010
00000000000000000000000000000000
00000000000000000000000000000000
00000000000000000000000000000000
00000000000000000000000000000000
00000000000000000000000000000000
00000000000000000000000000000000
00000000000000000000000000000000
00000000000000000000000000000000
00000000000000000000000000000000
00000000000000000000000000000000
00000000000000000000000000000000
00000000000000000000000000000000
00000000000000000000000000000000
00000000000000000000000000000000
00000000000000000000000000000000
00000000000000000000000000000000
00000000000000000000000000000000
00000000000000000000000000000000
00000000000000000000000000000000
00000000000000000000000000000000
00000000000000000000000000000000
00000000000000000000000000000000
00000000000000000000000000000000
00000000000000000000000000000000
00000000000000000000000000000000
00000000000000000000000000000000
00000000000000000000000000000000
00000000000000000000000000000000
00000000000000000000000000000000
00000000000000000000000000000000
00000000000000000000000000000000
00000000000000000000000000000000
00000000000000000000000000000000
00000000000000000000000000000000
// END
// JOB 18 18 7
11000000010100000000000001100000
01001011000001100000000000000000
01001011000000010000000000000000
01001011000000000000000000000000
01001111000010100000000001100000
01001111000011010000000011100000
01001100000010100000000000000100
11000000101110100000000000000000
01000010101111010000000000000000
01001100000011010000000000000100
01001100000001100000000000000001
00010000011001011000000000000000
01010110100000010000000000011000
01001011000001100000000000000000
01001111000010010000000011100000
01000011100101110000000000000000
00000101000001110000000000000000
01001100000001100000000000000001
01001100000010010000000000000100
00010000011001011000000000000000
01010110100000010000000000111100
00001000000001010000000000000000
11000001000000000000000010110000
10010010000000000000000000000000
// Data 14 C C
00000000000000000000000000001010
00000000000000000000000000000110
00000000000000000000000000101100
00000000000000000000000001000101
00000000000000000000000000000001
00000000000000000000000000001001
00000000000000000000000010110000
00000000000000000000000000000001
00000000000000000000000000000111
00000000000000000000000010101010
00000000000000000000000001010101
00000000000000000000000000000000
00000000000000000000000000000000
00000000000000000000000000000000
00000000000000000000000000000000
00000000000000000000000000000000
00000000000000000000000000000000
00000000000000000000000000000000
00000000000000000000000000000000
00000000000000000000000000000000
00000000000000000000000000000000
00000000000000000000000000000000
00000000000000000000000000000000
00000000000000000000000000000000
00000000000000000000000000000000
00000000000000000000000000000000
00000000000000000000000000000000
00000000000000000000000000000000
00000000000000000000000000000000
00000000000000000000000000000000
00000000000000000000000000000000
00000000000000000000000000000000
00000000000000000000000000000000
00000000000000000000000000000000
00000000000000000000000000000000
00000000000000000000000000000000
00000000000000000000000000000000
00000000000000000000000000000000
00000000000000000000000000000000
00000000000000000000000000000000
00000000000000000000000000000000
00000000000000000000000000000000
00000000000000000000000000000000
00000000000000000000000000000000
//END
// JOB 19 17 9
11000000010100000000000001011100
01001011000001100000000000000000
01001011000000010000000000000000
01001011000000000000000000000000
01001111000010100000000001011100
01001111000011010000000011011100
01001100000010100000000000000100
11000000101110100000000000000000
01000010101111010000000000000000
01001100000011010000000000000100
01001100000001100000000000000001
00010000011001011000000000000000
01010110100000010000000000011000
01001011000001100000000000000000
01001111000010010000000011011100
01000011100101110000000000000000
00000101000001110000000000000000
01001100000001100000000000000001
01001100000010010000000000000100
00010000011001011000000000000000
01010110100000010000000000111100
11000001000000000000000010101100
10010010000000000000000000000000
// Data 14 C C
00000000000000000000000000000101
00000000000000000000000000000110
00000000000000000000000000101100
00000000000000000000000001000101
00000000000000000000000000000001
00000000000000000000000000000111
00000000000000000000000000000000
00000000000000000000000000000000
00000000000000000000000000000000
00000000000000000000000000000000
00000000000000000000000000000000
00000000000000000000000000000000
00000000000000000000000000000000
00000000000000000000000000000000
00000000000000000000000000000000
00000000000000000000000000000000
00000000000000000000000000000000
00000000000000000000000000000000
00000000000000000000000000000000
00000000000000000000000000000000
00000000000000000000000000000000
00000000000000000000000000000000
00000000000000000000000000000000
00000000000000000000000000000000
00000000000000000000000000000000
00000000000000000000000000000000
00000000000000000000000000000000
00000000000000000000000000000000
00000000000000000000000000000000
00000000000000000000000000000000
00000000000000000000000000000000
00000000000000000000000000000000
00000000000000000000000000000000
00000000000000000000000000000000
00000000000000000000000000000000
00000000000000000000000000000000
00000000000000000000000000000000
00000000000000000000000000000000
00000000000000000000000000000000
00000000000000000000000000000000
00000000000000000000000000000000
00000000000000000000000000000000
00000000000000000000000000000000
00000000000000000000000000000000
// END
// JOB 1A 13 4
11000000010100000000000001001100
01001011000001100000000000000000
01001011000000000000000000000000
01001011000000010000000000000000
01001011000000100000000000000000
01001011000000110000000000000001
01001111000001110000000010011100
11000001001001110000000000000000
01001100000001110000000000000100
01001100000001100000000000000001
00000101001100100000000000000000
11000001000001110000000000000000
01001100000001110000000000000100
01001100000001100000000000000001
00000100001000110000000000000000
00000100001100000000000000000000
00010000011001011000000000000000
01010110100000010000000000101000
10010010000000000000000000000000
// Data 14 C C
00000000000000000000000000000111
00000000000000000000000000000000
00000000000000000000000000000000
00000000000000000000000000000000
00000000000000000000000000000000
00000000000000000000000000000000
00000000000000000000000000000000
00000000000000000000000000000000
00000000000000000000000000000000
00000000000000000000000000000000
00000000000000000000000000000000
00000000000000000000000000000000
00000000000000000000000000000000
00000000000000000000000000000000
00000000000000000000000000000000
00000000000000000000000000000000
00000000000000000000000000000000
00000000000000000000000000000000
00000000000000000000000000000000
00000000000000000000000000000000
00000000000000000000000000000000
00000000000000000000000000000000
00000000000000000000000000000000
00000000000000000000000000000000
00000000000000000000000000000000
00000000000000000000000000000000
00000000000000000000000000000000
00000000000000000000000000000000
00000000000000000000000000000000
00000000000000000000000000000000
00000000000000000000000000000000
00000000000000000000000000000000
00000000000000000000000000000000
00000000000000000000000000000000
00000000000000000000000000000000
00000000000000000000000000000000
00000000000000000000000000000000
00000000000000000000000000000000
00000000000000000000000000000000
00000000000000000000000000000000
00000000000000000000000000000000
00000000000000000000000000000000
00000000000000000000000000000000
00000000000000000000000000000000
// END
// JOB 1B 17 9
11000000010100000000000001011100
01001011000001100000000000000000
01001011000000010000000000000000
01001011000000000000000000000000
01001111000010100000000001011100
01001111000011010000000011011100
01001100000010100000000000000100
11000000101110100000000000000000
01000010101111010000000000000000
01001100000011010000000000000100
01001100000001100000000000000001
00010000011001011000000000000000
01010110100000010000000000011000
01001011000001100000000000000000
01001111000010010000000011011100
01000011100101110000000000000000
00000101000001110000000000000000
01001100000001100000000000000001
01001100000010010000000000000100
00010000011001011000000000000000
01010110100000010000000000111100
11000001000000000000000010101100
10010010000000000000000000000000
// Data 14 C C
00000000000000000000000000001010
00000000000000000000000000000110
00000000000000000000000000101100
00000000000000000000000001000101
00000000000000000000000000000001
00000000000000000000000000000111
00000000000000000000000000000000
00000000000000000000000000000001
00000000000000000000000000000101
00000000000000000000000000001010
00000000000000000000000001010101
00000000000000000000000000000000
00000000000000000000000000000000
00000000000000000000000000000000
00000000000000000000000000000000
00000000000000000000000000000000
00000000000000000000000000000000
00000000000000000000000000000000
00000000000000000000000000000000
00000000000000000000000000000000
00000000000000000000000000000000
00000000000000000000000000000000
00000000000000000000000000000000
00000000000000000000000000000000
00000000000000000000000000000000
00000000000000000000000000000000
00000000000000000000000000000000
00000000000000000000000000000000
00000000000000000000000000000000
00000000000000000000000000000000
00000000000000000000000000000000
00000000000000000000000000000000
00000000000000000000000000000000
00000000000000000000000000000000
00000000000000000000000000000000
00000000000000000000000000000000
00000000000000000000000000000000
00000000000000000000000000000000
00000000000000000000000000000000
00000000000000000000000000000000
00000000000000000000000000000000
00000000000000000000000000000000
00000000000000000000000000000000
00000000000000000000000000000000
// END
// JOB 1C 1C 3
11000000010100000000000001110000
01001011000001100000000000000000
01001011000000010000000000000000
01001011000000000000000000000000
01001111000010100000000001110000
01001111000011010000000011110000
01001100000010100000000000000100
11000000101110100000000000000000
01000010101111010000000000000000
01001100000011010000000000000100
01001100000001100000000000000001
00010000011001011000000000000000
01010110100000010000000000011000
01001011000001100000000000000000
01001111000010010000000011110000
01000011100100000000000000000000
01001100000001100000000000000001
01001100000010010000000000000100
01000011100100100000000000000000
01001100000001100000000000000001
01001100000010010000000000000100
00010000000000101000000000000000
01010101100000010000000001100000
00000100000000100000000000000000
00010000011001011000000000000000
01010110100000010000000001001000
11000001000000000000000011000000
10010010000000000000000000000000
// Data 14 C C
00000000000000000000000000001010
00000000000000000000000000000110
00000000000000000000000000101100
00000000000000000000000001000101
00000000000000000000000000000001
00000000000000000000000000000111
00000000000000000000000000000000
00000000000000000000000011100001
00000000000000000000000000000101
00000000000000000000000000001010
00000000000000000000000001010101
00000000000000000000000000000000
00000000000000000000000000000000
00000000000000000000000000000000
00000000000000000000000000000000
00000000000000000000000000000000
00000000000000000000000000000000
00000000000000000000000000000000
00000000000000000000000000000000
00000000000000000000000000000000
00000000000000000000000000000000
00000000000000000000000000000000
00000000000000000000000000000000
00000000000000000000000000000000
00000000000000000000000000000000
00000000000000000000000000000000
00000000000000000000000000000000
00000000000000000000000000000000
00000000000000000000000000000000
00000000000000000000000000000000
00000000000000000000000000000000
00000000000000000000000000000000
00000000000000000000000000000000
00000000000000000000000000000000
00000000000000000000000000000000
00000000000000000000000000000000
00000000000000000000000000000000
00000000000000000000000000000000
00000000000000000000000000000000
00000000000000000000000000000000
00000000000000000000000000000000
00000000000000000000000000000000
00000000000000000000000000000000
00000000000000000000000000000000
// END
// JOB 1D 18 1
11000000010100000000000001100000
01001011000001100000000000000000
01001011000000010000000000000000
01001011000000000000000000000000
01001111000010100000000001100000
01001111000011010000000011100000
01001100000010100000000000000100
11000000101110100000000000000000
01000010101111010000000000000000
01001100000011010000000000000100
01001100000001100000000000000001
00010000011001011000000000000000
01010110100000010000000000011000
01001011000001100000000000000000
01001111000010010000000011100000
01000011100101110000000000000000
00000101000001110000000000000000
01001100000001100000000000000001
01001100000010010000000000000100
00010000011001011000000000000000
01010110100000010000000000111100
00001000000001010000000000000000
11000001000000000000000010110000
10010010000000000000000000000000
// Data 14 C C
00000000000000000000000000001010
00000000000000000000000000000110
00000000000000000000000000101100
00000000000000000000000001000101
00000000000000000000000000000001
00000000000000000000000000001001
00000000000000000000000010110000
00000000000000000000000000010001
00000000000000000000000011100111
00000000000000000000000010101010
00000000000000000000000001010101
00000000000000000000000000000000
00000000000000000000000000000000
00000000000000000000000000000000
00000000000000000000000000000000
00000000000000000000000000000000
00000000000000000000000000000000
00000000000000000000000000000000
00000000000000000000000000000000
00000000000000000000000000000000
00000000000000000000000000000000
00000000000000000000000000000000
00000000000000000000000000000000
00000000000000000000000000000000
00000000000000000000000000000000
00000000000000000000000000000000
00000000000000000000000000000000
00000000000000000000000000000000
00000000000000000000000000000000
00000000000000000000000000000000
00000000000000000000000000000000
00000000000000000000000000000000
00000000000000000000000000000000
00000000000000000000000000000000
00000000000000000000000000000000
00000000000000000000000000000000
00000000000000000000000000000000
00000000000000000000000000000000
00000000000000000000000000000000
00000000000000000000000000000000
00000000000000000000000000000000
00000000000000000000000000000000
00000000000000000000000000000000
00000000000000000000000000000000
// END
// JOB 1E 13 8
11000000010100000000000001001100
01001011000001100000000000000000
01001011000000000000000000000000
01001011000000010000000000000000
01001011000000100000000000000000
01001011000000110000000000000001
01001111000001110000000010011100
11000001001001110000000000000000
01001100000001110000000000000100
01001100000001100000000000000001
00000101001100100000000000000000
11000001000001110000000000000000
01001100000001110000000000000100
01001100000001100000000000000001
00000100001000110000000000000000
00000100001100000000000000000000
00010000011001011000000000000000
01010110100000010000000000101000
10010010000000000000000000000000
// Data 14 C C
00000000000000000000000000001010
00000000000000000000000000000000
00000000000000000000000000000000
00000000000000000000000000000000
00000000000000000000000000000000
00000000000000000000000000000000
00000000000000000000000000000000
00000000000000000000000000000000
00000000000000000000000000000000
00000000000000000000000000000000
00000000000000000000000000000000
00000000000000000000000000000000
00000000000000000000000000000000
00000000000000000000000000000000
00000000000000000000000000000000
00000000000000000000000000000000
00000000000000000000000000000000
00000000000000000000000000000000
00000000000000000000000000000000
00000000000000000000000000000000
00000000000000000000000000000000
00000000000000000000000000000000
00000000000000000000000000000000
00000000000000000000000000000000
00000000000000000000000000000000
00000000000000000000000000000000
00000000000000000000000000000000
00000000000000000000000000000000
00000000000000000000000000000000
00000000000000000000000000000000
00000000000000000000000000000000
00000000000000000000000000000000
00000000000000000000000000000000
00000000000000000000000000000000
00000000000000000000000000000000
00000000000000000000000000000000
00000000000000000000000000000000
00000000000000000000000000000000
00000000000000000000000000000000
00000000000000000000000000000000
00000000000000000000000000000000
00000000000000000000000000000000
00000000000000000000000000000000
00000000000000000000000000000000
//END
